[1,["f6SJZOjTJB/JrJeh5xTdF7","1fdLSXvD1Dc7pwIKMEz5Fi@18d6f","1fdLSXvD1Dc7pwIKMEz5Fi@12a61","1fdLSXvD1Dc7pwIKMEz5Fi@23531","1fdLSXvD1Dc7pwIKMEz5Fi@30732","1fdLSXvD1Dc7pwIKMEz5Fi@fd29d","1fdLSXvD1Dc7pwIKMEz5Fi@7e43f","1fdLSXvD1Dc7pwIKMEz5Fi@f1394"],["_parent","node","_effectAsset","_mesh","_skeleton","root","data","_defaultClip"],[["cc.Node",["_name","_prefab","_lpos","_children","_parent","_lrot","_euler","_components"],2,4,5,2,1,5,5,9],["cc.Node",["_name","_parent","_children","_prefab","_lpos","_lrot","_euler"],2,1,9,4,5,5,5],["cc.Material",["_name","_states","_defines","_props"],0,12],["cc.Mesh",["_native","_hash","_struct"],1,11],["cc.Skeleton",["_name","_hash","_joints","_bindposes"],0,12],["cc.Prefab",["_name"],2],["cc.SkeletalAnimation",["node","__prefab","_clips","_defaultClip"],3,1,4,3,6],["cc.CompPrefabInfo",["fileId"],2],["cc.PrefabInfo",["fileId","instance","targetOverrides","nestedPrefabInstanceRoots","root","asset"],-1,1,1],["cc.SkinnedMeshRenderer",["node","__prefab","_materials","bakeSettings","_skinningRoot","_mesh","_skeleton"],3,1,4,3,4,1,6,6],["cc.ModelBakeSettings",[],3]],[[8,0,1,2,3,4,5,5],[0,0,4,3,1,2,5,6,2],[0,0,4,1,2,5,6,2],[1,0,1,2,3,4,2],[0,0,4,3,1,2,2],[1,0,1,2,3,4,5,6,2],[0,0,4,1,2,2],[7,0,2],[2,0,1,2,3,4],[3,0,1,2,3],[4,0,1,2,3,4],[0,0,3,1,2,2],[0,0,4,7,1,2],[9,0,1,2,3,4,5,6,1],[10,1],[5,0,2],[0,0,3,7,1,2],[0,0,3,1,2,5,6,2],[6,0,1,2,3,1]],[[[[8,"Alpha_Body_MAT",[{"rasterizerState":{},"blendState":{"targets":[{}]},"depthStencilState":{}}],[{"DCC_APP_NAME":2,"HAS_EXPORTED_METALLIC":true}],[[[{"shininessExponent":3.675213575363159,"emissiveScale":1,"metallic":0,"specularFactor":1,"transparencyFactor":1},"mainColor",8,[4,4290752088],"emissive",8,[4,4278190080]]],11]]],0,0,[0],[2],[0]],[[[9,".bin",3472808081,[{"primitives":[{"primitiveMode":7,"jointMapIndex":0,"vertexBundelIndices":[0],"indexView":{"offset":1653624,"length":206880,"count":103440,"stride":2}}],"vertexBundles":[{"view":{"offset":0,"length":1653624,"count":22967,"stride":72},"attributes":[{"name":"a_position","format":32,"isNormalized":false},{"name":"a_normal","format":32,"isNormalized":false},{"name":"a_texCoord","format":21,"isNormalized":false},{"name":"a_tangent","format":44,"isNormalized":false},{"name":"a_joints","format":42,"isNormalized":false},{"name":"a_weights","format":44,"isNormalized":false}]}],"jointMaps":[[0,1,2,3,5,6,7,8,9,10,11,12,13,14,15,16,17,18,19,20,21,22,23,24,25,26,27,28,29,30,31,32,33,34,35,36,37,38,39,40,41,42,43,44,45,46,47,48,49,50,51]]},"minPosition",8,[1,-0.9734262824058533,-0.0001022443175315857,-0.16051094233989716],"maxPosition",8,[1,0.9734235405921936,1.8046320676803589,0.20375758409500122]]],-1],0,0,[],[],[]],[[[10,"Skin-0",1576104551,["mixamorig:Hips","mixamorig:Hips/mixamorig:Spine","mixamorig:Hips/mixamorig:Spine/mixamorig:Spine1","mixamorig:Hips/mixamorig:Spine/mixamorig:Spine1/mixamorig:Spine2","mixamorig:Hips/mixamorig:Spine/mixamorig:Spine1/mixamorig:Spine2/mixamorig:Neck","mixamorig:Hips/mixamorig:Spine/mixamorig:Spine1/mixamorig:Spine2/mixamorig:Neck/mixamorig:Head","mixamorig:Hips/mixamorig:Spine/mixamorig:Spine1/mixamorig:Spine2/mixamorig:LeftShoulder","mixamorig:Hips/mixamorig:Spine/mixamorig:Spine1/mixamorig:Spine2/mixamorig:LeftShoulder/mixamorig:LeftArm","mixamorig:Hips/mixamorig:Spine/mixamorig:Spine1/mixamorig:Spine2/mixamorig:LeftShoulder/mixamorig:LeftArm/mixamorig:LeftForeArm","mixamorig:Hips/mixamorig:Spine/mixamorig:Spine1/mixamorig:Spine2/mixamorig:LeftShoulder/mixamorig:LeftArm/mixamorig:LeftForeArm/mixamorig:LeftHand","mixamorig:Hips/mixamorig:Spine/mixamorig:Spine1/mixamorig:Spine2/mixamorig:LeftShoulder/mixamorig:LeftArm/mixamorig:LeftForeArm/mixamorig:LeftHand/mixamorig:LeftHandThumb1","mixamorig:Hips/mixamorig:Spine/mixamorig:Spine1/mixamorig:Spine2/mixamorig:LeftShoulder/mixamorig:LeftArm/mixamorig:LeftForeArm/mixamorig:LeftHand/mixamorig:LeftHandThumb1/mixamorig:LeftHandThumb2","mixamorig:Hips/mixamorig:Spine/mixamorig:Spine1/mixamorig:Spine2/mixamorig:LeftShoulder/mixamorig:LeftArm/mixamorig:LeftForeArm/mixamorig:LeftHand/mixamorig:LeftHandThumb1/mixamorig:LeftHandThumb2/mixamorig:LeftHandThumb3","mixamorig:Hips/mixamorig:Spine/mixamorig:Spine1/mixamorig:Spine2/mixamorig:LeftShoulder/mixamorig:LeftArm/mixamorig:LeftForeArm/mixamorig:LeftHand/mixamorig:LeftHandIndex1","mixamorig:Hips/mixamorig:Spine/mixamorig:Spine1/mixamorig:Spine2/mixamorig:LeftShoulder/mixamorig:LeftArm/mixamorig:LeftForeArm/mixamorig:LeftHand/mixamorig:LeftHandIndex1/mixamorig:LeftHandIndex2","mixamorig:Hips/mixamorig:Spine/mixamorig:Spine1/mixamorig:Spine2/mixamorig:LeftShoulder/mixamorig:LeftArm/mixamorig:LeftForeArm/mixamorig:LeftHand/mixamorig:LeftHandIndex1/mixamorig:LeftHandIndex2/mixamorig:LeftHandIndex3","mixamorig:Hips/mixamorig:Spine/mixamorig:Spine1/mixamorig:Spine2/mixamorig:LeftShoulder/mixamorig:LeftArm/mixamorig:LeftForeArm/mixamorig:LeftHand/mixamorig:LeftHandMiddle1","mixamorig:Hips/mixamorig:Spine/mixamorig:Spine1/mixamorig:Spine2/mixamorig:LeftShoulder/mixamorig:LeftArm/mixamorig:LeftForeArm/mixamorig:LeftHand/mixamorig:LeftHandMiddle1/mixamorig:LeftHandMiddle2","mixamorig:Hips/mixamorig:Spine/mixamorig:Spine1/mixamorig:Spine2/mixamorig:LeftShoulder/mixamorig:LeftArm/mixamorig:LeftForeArm/mixamorig:LeftHand/mixamorig:LeftHandMiddle1/mixamorig:LeftHandMiddle2/mixamorig:LeftHandMiddle3","mixamorig:Hips/mixamorig:Spine/mixamorig:Spine1/mixamorig:Spine2/mixamorig:LeftShoulder/mixamorig:LeftArm/mixamorig:LeftForeArm/mixamorig:LeftHand/mixamorig:LeftHandRing1","mixamorig:Hips/mixamorig:Spine/mixamorig:Spine1/mixamorig:Spine2/mixamorig:LeftShoulder/mixamorig:LeftArm/mixamorig:LeftForeArm/mixamorig:LeftHand/mixamorig:LeftHandRing1/mixamorig:LeftHandRing2","mixamorig:Hips/mixamorig:Spine/mixamorig:Spine1/mixamorig:Spine2/mixamorig:LeftShoulder/mixamorig:LeftArm/mixamorig:LeftForeArm/mixamorig:LeftHand/mixamorig:LeftHandRing1/mixamorig:LeftHandRing2/mixamorig:LeftHandRing3","mixamorig:Hips/mixamorig:Spine/mixamorig:Spine1/mixamorig:Spine2/mixamorig:LeftShoulder/mixamorig:LeftArm/mixamorig:LeftForeArm/mixamorig:LeftHand/mixamorig:LeftHandPinky1","mixamorig:Hips/mixamorig:Spine/mixamorig:Spine1/mixamorig:Spine2/mixamorig:LeftShoulder/mixamorig:LeftArm/mixamorig:LeftForeArm/mixamorig:LeftHand/mixamorig:LeftHandPinky1/mixamorig:LeftHandPinky2","mixamorig:Hips/mixamorig:Spine/mixamorig:Spine1/mixamorig:Spine2/mixamorig:LeftShoulder/mixamorig:LeftArm/mixamorig:LeftForeArm/mixamorig:LeftHand/mixamorig:LeftHandPinky1/mixamorig:LeftHandPinky2/mixamorig:LeftHandPinky3","mixamorig:Hips/mixamorig:Spine/mixamorig:Spine1/mixamorig:Spine2/mixamorig:RightShoulder","mixamorig:Hips/mixamorig:Spine/mixamorig:Spine1/mixamorig:Spine2/mixamorig:RightShoulder/mixamorig:RightArm","mixamorig:Hips/mixamorig:Spine/mixamorig:Spine1/mixamorig:Spine2/mixamorig:RightShoulder/mixamorig:RightArm/mixamorig:RightForeArm","mixamorig:Hips/mixamorig:Spine/mixamorig:Spine1/mixamorig:Spine2/mixamorig:RightShoulder/mixamorig:RightArm/mixamorig:RightForeArm/mixamorig:RightHand","mixamorig:Hips/mixamorig:Spine/mixamorig:Spine1/mixamorig:Spine2/mixamorig:RightShoulder/mixamorig:RightArm/mixamorig:RightForeArm/mixamorig:RightHand/mixamorig:RightHandThumb1","mixamorig:Hips/mixamorig:Spine/mixamorig:Spine1/mixamorig:Spine2/mixamorig:RightShoulder/mixamorig:RightArm/mixamorig:RightForeArm/mixamorig:RightHand/mixamorig:RightHandThumb1/mixamorig:RightHandThumb2","mixamorig:Hips/mixamorig:Spine/mixamorig:Spine1/mixamorig:Spine2/mixamorig:RightShoulder/mixamorig:RightArm/mixamorig:RightForeArm/mixamorig:RightHand/mixamorig:RightHandThumb1/mixamorig:RightHandThumb2/mixamorig:RightHandThumb3","mixamorig:Hips/mixamorig:Spine/mixamorig:Spine1/mixamorig:Spine2/mixamorig:RightShoulder/mixamorig:RightArm/mixamorig:RightForeArm/mixamorig:RightHand/mixamorig:RightHandIndex1","mixamorig:Hips/mixamorig:Spine/mixamorig:Spine1/mixamorig:Spine2/mixamorig:RightShoulder/mixamorig:RightArm/mixamorig:RightForeArm/mixamorig:RightHand/mixamorig:RightHandIndex1/mixamorig:RightHandIndex2","mixamorig:Hips/mixamorig:Spine/mixamorig:Spine1/mixamorig:Spine2/mixamorig:RightShoulder/mixamorig:RightArm/mixamorig:RightForeArm/mixamorig:RightHand/mixamorig:RightHandIndex1/mixamorig:RightHandIndex2/mixamorig:RightHandIndex3","mixamorig:Hips/mixamorig:Spine/mixamorig:Spine1/mixamorig:Spine2/mixamorig:RightShoulder/mixamorig:RightArm/mixamorig:RightForeArm/mixamorig:RightHand/mixamorig:RightHandMiddle1","mixamorig:Hips/mixamorig:Spine/mixamorig:Spine1/mixamorig:Spine2/mixamorig:RightShoulder/mixamorig:RightArm/mixamorig:RightForeArm/mixamorig:RightHand/mixamorig:RightHandMiddle1/mixamorig:RightHandMiddle2","mixamorig:Hips/mixamorig:Spine/mixamorig:Spine1/mixamorig:Spine2/mixamorig:RightShoulder/mixamorig:RightArm/mixamorig:RightForeArm/mixamorig:RightHand/mixamorig:RightHandMiddle1/mixamorig:RightHandMiddle2/mixamorig:RightHandMiddle3","mixamorig:Hips/mixamorig:Spine/mixamorig:Spine1/mixamorig:Spine2/mixamorig:RightShoulder/mixamorig:RightArm/mixamorig:RightForeArm/mixamorig:RightHand/mixamorig:RightHandRing1","mixamorig:Hips/mixamorig:Spine/mixamorig:Spine1/mixamorig:Spine2/mixamorig:RightShoulder/mixamorig:RightArm/mixamorig:RightForeArm/mixamorig:RightHand/mixamorig:RightHandRing1/mixamorig:RightHandRing2","mixamorig:Hips/mixamorig:Spine/mixamorig:Spine1/mixamorig:Spine2/mixamorig:RightShoulder/mixamorig:RightArm/mixamorig:RightForeArm/mixamorig:RightHand/mixamorig:RightHandRing1/mixamorig:RightHandRing2/mixamorig:RightHandRing3","mixamorig:Hips/mixamorig:Spine/mixamorig:Spine1/mixamorig:Spine2/mixamorig:RightShoulder/mixamorig:RightArm/mixamorig:RightForeArm/mixamorig:RightHand/mixamorig:RightHandPinky1","mixamorig:Hips/mixamorig:Spine/mixamorig:Spine1/mixamorig:Spine2/mixamorig:RightShoulder/mixamorig:RightArm/mixamorig:RightForeArm/mixamorig:RightHand/mixamorig:RightHandPinky1/mixamorig:RightHandPinky2","mixamorig:Hips/mixamorig:Spine/mixamorig:Spine1/mixamorig:Spine2/mixamorig:RightShoulder/mixamorig:RightArm/mixamorig:RightForeArm/mixamorig:RightHand/mixamorig:RightHandPinky1/mixamorig:RightHandPinky2/mixamorig:RightHandPinky3","mixamorig:Hips/mixamorig:LeftUpLeg","mixamorig:Hips/mixamorig:LeftUpLeg/mixamorig:LeftLeg","mixamorig:Hips/mixamorig:LeftUpLeg/mixamorig:LeftLeg/mixamorig:LeftFoot","mixamorig:Hips/mixamorig:LeftUpLeg/mixamorig:LeftLeg/mixamorig:LeftFoot/mixamorig:LeftToeBase","mixamorig:Hips/mixamorig:RightUpLeg","mixamorig:Hips/mixamorig:RightUpLeg/mixamorig:RightLeg","mixamorig:Hips/mixamorig:RightUpLeg/mixamorig:RightLeg/mixamorig:RightFoot","mixamorig:Hips/mixamorig:RightUpLeg/mixamorig:RightLeg/mixamorig:RightFoot/mixamorig:RightToeBase"],[[[7,1,-0.00008780962525634095,-0.000002786995310088969,0,0.00008780962525634095,1,-2.4472501802819124e-10,0,0.000002786995310088969,3.718882283908706e-26,1,0,-0.0000875593614182435,-0.9979193806648254,-4.842299858864862e-7,1],[7,1,-0.00009904014586936682,-0.000014155408280203119,0,0.00010002574708778411,0.9926236867904663,0.12123626470565796,0,0.000002043735776169342,-0.12123626470565796,0.9926236867904663,0,-0.00010956930054817349,-1.0905489921569824,-0.12083251774311066,1],[7,1,-0.00008041354885790497,-0.000014123872460913844,0,0.00008153104135999456,0.9926711320877075,0.12084696441888809,0,0.0000043026270759582985,-0.12084696441888809,0.9926711320877075,0,-0.00008706411608727649,-1.207916021347046,-0.12035880237817764,1],[7,1,-0.00008781102951616049,-1.5430286215423195e-10,0,0.00008780962525634095,0.9999840259552002,0.0056553976610302925,0,-4.964520030625863e-7,-0.0056553976610302925,0.9999840259552002,0,-0.0000957279116846621,-1.34743070602417,0.03514117747545242,1],[7,1,-0.00008780962525634095,4.964512640981411e-7,0,0.00008780962525634095,1,8.425392827859923e-9,0,-4.964520030625863e-7,-8.381799254664202e-9,1,0,-0.00009598272299626842,-1.497535228729248,0.03483181074261665,1],[7,1,-0.00008780962525634095,4.964512640981411e-7,0,0.00008780962525634095,1,8.425392827859923e-9,0,-4.964520030625863e-7,-8.381799254664202e-9,1,0,-0.00009600834891898558,-1.600753664970398,0.003407522803172469,1],[7,-0.20123054087162018,0.9793204665184021,-0.02092137187719345,0,0.004210940562188625,-0.020493213087320328,-0.9997811317443848,0,-0.9795348644256592,-0.2012745887041092,2.351417724626121e-16,0,-0.02875073254108429,-0.037476424127817154,1.439281940460205,1],[7,2.528476272800617e-7,1,0.00008890464960131794,0,-3.9110037529191454e-28,0.00008890464960131794,-1,0,-1,2.528476272800617e-7,2.2479329161995132e-11,0,-0.06171472370624542,-0.1877058744430542,1.435655117034912,1],[7,2.528476272800617e-7,1,0.00008890464960131794,0,0,0.00008890464960131794,-1,0,-1,2.528476272800617e-7,2.2479329161995132e-11,0,-0.061714861541986465,-0.46175268292427063,1.435655117034912,1],[7,2.528476272800617e-7,1,0.00008890464960131794,0,3.035624007916934e-27,0.00008890464960131794,-1,0,-1,2.528476272800617e-7,2.2479329161995132e-11,0,-0.06171487271785736,-0.7378973364830017,1.435655117034912,1],[7,0.3873169422149658,0.7746376395225525,-0.4999220669269562,0,-0.2235710769891739,-0.4471443295478821,-0.8660703897476196,0,-0.8944280743598938,0.4472118616104126,4.953674198065355e-16,0,-0.012624806724488735,0.04560023173689842,1.6124385595321655,1],[7,0.3873181939125061,0.774630069732666,-0.49993282556533813,0,-0.2235717922449112,-0.44715598225593567,-0.866064190864563,0,-0.8944273591041565,0.4472132921218872,-0.000006212750122358557,0,-0.012624809518456459,-0.0018270531436428428,1.6124385595321655,1],[7,0.3873181939125061,0.774630069732666,-0.49993282556533813,0,-0.2235717922449112,-0.44715598225593567,-0.866064190864563,0,-0.8944273591041565,0.4472132921218872,-0.000006212750122358557,0,-0.012624809518456459,-0.04564834013581276,1.6124385595321655,1],[7,0.00000948873730521882,1,0.00008779107156442478,0,6.1559868314020605e-9,0.00008779107156442478,-1,0,-1,0.00000948873730521882,-5.322960294762424e-9,0,-0.033502452075481415,-0.8605616092681885,1.4333378076553345,1],[7,-0.0000029399031973298406,1,0.00008779101335676387,0,5.0648631955141354e-9,0.00008779101335676387,-1,0,-1,-0.0000029399027425824897,-5.322960294762424e-9,0,-0.03349127247929573,-0.8994817137718201,1.4333378076553345,1],[7,-0.0000029399031973298406,1,0.00008779101335676387,0,5.0648631955141354e-9,0.00008779101335676387,-1,0,-1,-0.0000029399027425824897,-5.322960294762424e-9,0,-0.03349127247929573,-0.9336333274841309,1.4333378076553345,1],[7,1.632993331668331e-7,1,0.00008779105701250955,0,-4.8467614016778965e-27,0.00008779105701250955,-1,0,-1,1.632993331668331e-7,1.4336221446087372e-11,0,-0.06171467527747154,-0.86565101146698,1.4356560707092285,1],[7,1.632993331668331e-7,1,0.00008779105701250955,0,0,0.00008779105701250955,-1,0,-1,1.632993331668331e-7,1.4336221446087372e-11,0,-0.06171467527747154,-0.9017906785011292,1.4356560707092285,1],[7,1.632993331668331e-7,1,0.00008779105701250955,0,-9.693522803355793e-27,0.00008779105701250955,-1,0,-1,1.632993331668331e-7,1.4336221446087372e-11,0,-0.061714962124824524,-0.9363883137702942,1.4356560707092285,1],[7,0.000009301915270043537,1,0.00008779107156442478,0,6.139377450864458e-9,0.00008779107156442478,-1,0,-1,0.000009301916179538239,-5.322752016923005e-9,0,-0.08388902246952057,-0.8593650460243225,1.4357560873031616,1],[7,-0.000006840274636488175,1,0.00009240469080395997,0,4.722237267884566e-9,0.00009240469080395997,-1,0,-1,-0.000006840274181740824,-5.3543107725317896e-9,0,-0.08387456834316254,-0.8953849077224731,1.4357519149780273,1],[7,-0.000006840274636488175,1,0.00009240469080395997,0,4.722237267884566e-9,0.00009240469080395997,-1,0,-1,-0.000006840274181740824,-5.3543107725317896e-9,0,-0.08387456834316254,-0.928458034992218,1.4357519149780273,1],[7,0.0002818499633576721,0.9999999403953552,0.00008320042252307758,0,3.037016327311903e-8,0.00008320042252307758,-1,0,-0.9999999403953552,0.0002818499633576721,-6.920128914345014e-9,0,-0.1092117503285408,-0.8469403386116028,1.4333986043930054,1],[7,-0.00045391792082227767,0.9999998807907104,0.0000951093970797956,0,-3.0846035059539645e-8,0.0000951093970797956,-1,0,-0.9999998807907104,-0.00045391792082227767,-1.2325826581616184e-8,0,-0.10855813324451447,-0.888404130935669,1.433388113975525,1],[7,0.000005700706878997153,1,0.0000877910788403824,0,1.2868016874278965e-8,0.0000877910788403824,-1,0,-1,0.000005700708243239205,-1.2367546098346338e-8,0,-0.10897837579250336,-0.9142919778823853,1.4333947896957397,1],[7,-0.20122677087783813,-0.979317307472229,0.021104134619235992,0,-0.004247663076967001,-0.020672248676419258,-0.9997772574424744,0,0.9795354604721069,-0.20127160847187042,5.4861890551020055e-17,0,0.028791526332497597,-0.037277426570653915,1.4392790794372559,1],[7,6.877475584587955e-7,-1,0.00008667746442370117,0,1.6528675909377292e-26,-0.00008667746442370117,-1,0,1,6.877475584587955e-7,-5.96122179397085e-11,0,0.061714231967926025,-0.18751326203346252,1.435655117034912,1],[7,6.877475584587955e-7,-1,0.00008667746442370117,0,-3.517011237518694e-26,-0.00008667746442370117,-1,0,1,6.877475584587955e-7,-5.96122179397085e-11,0,0.061714231967926025,-0.46156007051467896,1.435655117034912,1],[7,6.877475584587955e-7,-1,0.00008667746442370117,0,1.2924697071141057e-26,-0.00008667746442370117,-1,0,1,6.877475584587955e-7,-5.96122179397085e-11,0,0.06171410530805588,-0.7377046942710876,1.4356549978256226,1],[7,0.387278288602829,-0.7745587229728699,0.5000743269920349,0,0.22363954782485962,-0.44728031754493713,-0.8659824728965759,0,0.8944276571273804,0.4472126066684723,8.578878332920418e-16,0,0.012549019418656826,0.0457492358982563,1.612342119216919,1],[7,0.38727888464927673,-0.7745499610900879,0.5000874400138855,0,0.22363990545272827,-0.44729480147361755,-0.8659749031066895,0,0.8944273591041565,0.4472133219242096,-0.000007561332949990174,0,0.012549021281301975,-0.001673199119977653,1.612342119216919,1],[7,0.38727888464927673,-0.7745499610900879,0.5000874400138855,0,0.22363990545272827,-0.44729480147361755,-0.8659749031066895,0,0.8944273591041565,0.4472133219242096,-0.000007561332949990174,0,0.012549021281301975,-0.045494552701711655,1.612342119216919,1],[7,0.000010175443094340153,-1,0.00008779103518463671,0,1.5336700798229685e-8,-0.00008779103518463671,-1,0,1,0.000010175444913329557,1.4443387819085274e-8,0,0.033501822501420975,-0.8603689670562744,1.433337688446045,1],[7,0.0000018771543182083406,-1,0.00008779104973655194,0,-2.5030975605018603e-26,-0.00008779104973655194,-1,0,1,0.0000018771543182083406,-1.647973563168037e-10,0,0.03349437937140465,-0.8992889523506165,1.433337688446045,1],[7,0.0000018771543182083406,-1,0.00008779104973655194,0,0,-0.00008779104973655194,-1,0,1,0.0000018771543182083406,-1.647973563168037e-10,0,0.033494506031274796,-0.9334405660629272,1.433337688446045,1],[7,0.0000014201746125763748,-1,0.00008779105701250955,0,-7.754818242684634e-26,-0.00008779105701250955,-1,0,1,0.0000014201746125763748,-1.24678628532493e-10,0,0.061714570969343185,-0.8654583692550659,1.435655951499939,1],[7,0.0000014201746125763748,-1,0.00008779105701250955,0,-7.754818242684634e-26,-0.00008779105701250955,-1,0,1,0.0000014201746125763748,-1.24678628532493e-10,0,0.061714570969343185,-0.9015980362892151,1.435655951499939,1],[7,0.0000014201746125763748,-1,0.00008779105701250955,0,2.5849394142282115e-26,-0.00008779105701250955,-1,0,1,0.0000014201746125763748,-1.24678628532493e-10,0,0.061714865267276764,-0.9361956715583801,1.435655951499939,1],[7,0.000010294897037965711,-1,0.00008779104246059433,0,1.534705518224655e-8,-0.00008779104246059433,-1,0,1,0.000010294897947460413,1.4443254592322319e-8,0,0.08388865739107132,-0.8591723442077637,1.435755968093872,1],[7,-0.000005847270585945807,-1,0.0000877910788403824,0,1.3929916775623497e-8,-0.0000877910788403824,-1,0,1,-0.000005847269221703755,1.4443254592322319e-8,0,0.08387421071529388,-0.895185649394989,1.435755968093872,1],[7,-0.000005847270585945807,-1,0.0000877910788403824,0,1.3929916775623497e-8,-0.0000877910788403824,-1,0,1,-0.000005847269221703755,1.4443254592322319e-8,0,0.08387421071529388,-0.9282587766647339,1.435755968093872,1],[7,0.000006951694558665622,-1,0.00008779103518463671,0,1.5057274538321508e-8,-0.00008779103518463671,-1,0,1,0.000006951695922907675,1.4446977836257702e-8,0,0.10897772014141083,-0.8467843532562256,1.4333946704864502,1],[7,-0.000013837054211762734,-1,0.00008779106428846717,0,1.3232208218028063e-8,-0.00008779106428846717,-1,0,1,-0.000013837053302268032,1.4446977836257702e-8,0,0.10895925760269165,-0.8881531357765198,1.4333946704864502,1],[7,0.000007019877102720784,-1,0.00008779103518463671,0,1.5063259084513447e-8,-0.00008779103518463671,-1,0,1,0.000007019878012215486,1.4446977836257702e-8,0,0.10897832363843918,-0.9140992760658264,1.4333946704864502,1],[7,-0.9999818205833435,0.00602671829983592,0.0000765463846619241,0,-0.006027203984558582,-0.9999011754989624,-0.012699916958808899,0,0,-0.012700147926807404,0.9999193549156189,0,0.09685632586479187,0.9307065606117249,0.012374401092529297,1],[7,-0.9999830722808838,-0.005811748560518026,-0.0002846060669980943,0,0.005818713456392288,-0.9987861514091492,-0.04891137406229973,0,-4.0679577219780716e-14,-0.04891220107674599,0.9988030791282654,0,0.09063258767127991,0.5250287652015686,0.03142740949988365,1],[7,-0.998660147190094,0.023759473115205765,-0.045972298830747604,0,-0.051749058067798615,-0.45851343870162964,0.8871794939041138,0,-2.037162095508112e-15,0.8883697986602783,0.45912861824035645,0,0.09655199944972992,0.06930527836084366,-0.07681437581777573,1],[7,-0.999726414680481,-0.014206062071025372,0.01858144998550415,0,0.018829377368092537,-0.01752231828868389,0.9996691346168518,0,-0.013875771313905716,0.9997455477714539,0.01778501644730568,0,0.0959087461233139,-0.11141103506088257,-0.03660674765706062,1],[7,-0.9999818205833435,-0.00602669408544898,-0.00007634876965312287,0,0.006027177907526493,-0.9999015927314758,-0.012667186558246613,0,2.710480874289326e-20,-0.012667416594922543,0.9999197721481323,0,-0.09685633331537247,0.930706799030304,0.0123439384624362,1],[7,-0.9999830722808838,0.005811771843582392,0.0002847983269020915,0,-0.0058187455870211124,-0.9987845420837402,-0.0489441379904747,0,-1.5464798224559123e-13,-0.04894496873021126,0.9988014698028564,0,-0.09063258767127991,0.5250280499458313,0.031431350857019424,1],[7,-0.998660147190094,-0.02375941351056099,0.045972179621458054,0,0.05174892395734787,-0.458513468503952,0.8871794939041138,0,-9.247216180363827e-17,0.8883697986602783,0.45912864804267883,0,-0.09655201435089111,0.0693059042096138,-0.07681446522474289,1],[7,-0.9997419118881226,0.014179835096001625,-0.01774974912405014,0,-0.017996959388256073,-0.017500868067145348,0.9996848702430725,0,0.01386473048478365,0.9997463226318359,0.017751544713974,0,-0.09593628346920013,-0.11141379177570343,-0.03652481734752655,1]],8,8,8,8,8,8,8,8,8,8,8,8,8,8,8,8,8,8,8,8,8,8,8,8,8,8,8,8,8,8,8,8,8,8,8,8,8,8,8,8,8,8,8,8,8,8,8,8,8,8,8,8]]],0,0,[],[],[]],[[[15,"Hip Hop Dancing"],[16,"Hip Hop Dancing",[-3,-4,-5],[[18,-2,[7,"1aJ0KAKxJQbLSbeAJLyn7P"],[6],7]],[0,"22rBckvOVdUZzNVKHFbWqK",null,null,null,-1,0]],[11,"mixamorig:LeftHand",[-6,-7,-8,-9,-10],[0,"b0iUojyo5c7K4Kc+vIw+ay",null,null,null,1,0],[1,-1.282041779404608e-7,0.2761446237564087,2.3361064194205028e-9]],[11,"mixamorig:RightHand",[-11,-12,-13,-14,-15],[0,"8aW2GOZqtQqZtI8sOdGNKP",null,null,null,1,0],[1,1.2842842522786668e-7,0.2761446237564087,1.549239954101722e-7]],[1,"mixamorig:Hips",1,[-16,-17,-18],[0,"3foLLn3SJc3YbreqTrzcQ0",null,null,null,1,0],[1,-6.757012016578301e-8,0.9979193806648254,4.844740146836557e-7],[3,7.615435358387838e-11,-0.0000017453291986115032,0.00004363323019266126,0.9999999990465476],[1,1.74532919335613e-8,-0.00019999999483480963,0.004999999874688275]],[17,"mixamorig:Spine2",[-19,-20,-21],[0,"00IY7YLpFTQpncYZAPSdsk",null,null,null,1,0],[1,1.9314920756546838e-13,0.134588360786438,6.23501248935422e-15],[3,0.057711732433359225,0.0000021958233292805102,0.000003285013735419112,0.9983332889991836],[1,6.61695398486339,0.00022947872906007555,0.00039032902605315824]],[1,"mixamorig:Spine",4,[-22],[0,"3249Jn6+1dFKUb/Kg3dtCN",null,null,null,1,0],[1,0.000008597856322012376,0.09923461824655533,-0.012273348867893219],[3,-0.060730229647066786,7.42524346520138e-22,0.000006119354978997401,0.9981542161257287],[1,-6.96345656833244,0.00004258564196635671,0.0006999321148635618]],[1,"mixamorig:Spine1",6,[5],[0,"d2H2juo4ha/qsHeZ1CqH/Q",null,null,null,1,0],[1,1.734723437202716e-20,0.11731977760791779,0],[3,0.00019609245268418558,4.662287786348012e-14,-0.000009316072285055092,0.9999999807304801],[1,0.022470540013277734,2.0934251630357956e-7,-0.0010675432266345811]],[1,"mixamorig:Neck",5,[-23],[0,"ceg7u1pAZbN75EHNdAV0Os",null,null,null,1,0],[1,2.548123063661478e-7,0.15027761459350586,0.008779068477451801],[3,0.0028277058028317575,-1.190486710614383e-23,5.1508043760036884e-21,0.9999960020319545],[1,0.3240316482366638,-3.033213235141308e-21,5.902324863810077e-19]],[3,"mixamorig:Head",8,[[6,"mixamorig:HeadTop_End",-24,[0,"30uoVvMStZaY8SZa8zBrFh",null,null,null,1,0],[1,0.0000015451594208570896,0.18474669754505157,0.06636399775743484]]],[0,"28qchGau1YuIQl9R+RmLx2",null,null,null,1,0],[1,2.5625487509728373e-8,0.10321838408708572,0.03142428770661354]],[1,"mixamorig:LeftShoulder",5,[-25],[0,"07pQ8lEWpdWaSBepIE3WpG",null,null,null,1,0],[1,0.06105824559926987,0.09106291830539703,0.007570624817162752],[3,-0.4538350783087091,-0.5448493459623622,0.5511388281923618,-0.4397941608976456],[1,91.11398608347702,101.6094355716615,0.5596863489250643]],[1,"mixamorig:LeftArm",10,[-26],[0,"56KOFAd3leZZ328vKzYte/",null,null,null,1,0],[1,4.884981281880909e-17,0.12922286987304688,2.8421708795129297e-16],[3,-0.010451819965667191,-0.0010627185914648886,0.1011504626508196,0.9948156683497329],[1,-1.2038876004595782,-3.1361118166335233e-7,11.611489146671117]],[4,"mixamorig:LeftForeArm",11,[2],[0,"24uSvG+gJYf6rwhCQFl7NY",null,null,null,1,0],[1,3.059411404771062e-11,0.27404680848121643,-5.684341759025859e-16]],[1,"mixamorig:LeftHandThumb1",2,[-27],[0,"82pvIlMideXpM3ny1Ma0bg",null,null,null,1,0],[1,-0.030029749497771263,0.037888091057538986,0.021671488881111145],[3,0.25189492067143693,-0.0594640373256054,0.22192351485442852,0.9400866613028428],[1,32.84204233964036,-14.036154121284255,22.786433351465025]],[1,"mixamorig:LeftHandThumb2",13,[-28],[0,"91v7XKWIlTwJAwogH/RkPl",null,null,null,1,0],[1,-4.6629365578418697e-17,0.04744970425963402,2.8421708795129297e-16],[3,0.000006946070698007403,5.579674742936124e-12,8.032882874235005e-7,0.9999999999755536],[1,0.0007959610703972854,-2.5774535295957974e-15,0.00009205005720554728]],[3,"mixamorig:LeftHandThumb3",14,[[2,"mixamorig:LeftHandThumb4",-29,[0,"65/DKDgJVT5rL4VkzKHuwE",null,null,null,1,0],[1,-5.1284654745131775e-8,0.03459077700972557,4.0346344043484805e-9],[3,0.00914681584285586,0.12563742347880932,0.0720724741444975,0.9894125186454],[1,-0.0005820649134842368,14.473628693954407,8.332483359888771]]],[0,"b9ief1BjNaEqec80Agkk8l",null,null,null,1,0],[1,-5.853095921349097e-15,0.04382128641009331,5.1443292442727995e-14]],[1,"mixamorig:LeftHandIndex1",2,[-30],[0,"17fZo1wGlYvLmRGcboj3Ik",null,null,null,1,0],[1,-0.028220439329743385,0.12266617268323898,0.002318251645192504],[3,5.567949869988689e-7,-3.075281584904125e-9,0.000004870764769235068,0.999999999987983],[1,0.00006380400733689123,-3.527120855738201e-7,0.0005581485283622686]],[1,"mixamorig:LeftHandIndex2",16,[-31],[0,"605EJzLAtdlbVZG4wf1dFb",null,null,null,1,0],[1,-2.2204460823375376e-17,0.03891967609524727,2.8421708795129297e-16],[3,7.31337420433664e-22,-4.181350818548381e-25,-0.000006214320364841177,0.9999999999806912],[1,8.380509488876414e-20,-4.73939592063493e-23,-0.0007121086588997782]],[3,"mixamorig:LeftHandIndex3",17,[[2,"mixamorig:LeftHandIndex4",-32,[0,"adE0k7ay9fnb9MTCZ04YDF",null,null,null,1,0],[1,5.854722484599506e-9,0.030779875814914703,0],[3,0.000001039359156044873,0.004001602917378127,0.000022779580383046273,0.9999919932949973],[1,0.00010865525788750365,0.45855113833849326,0.002610803328729816]]],[0,"0729qb+7lTMZWbT4UkqEw1",null,null,null,1,0],[1,4.0713653694061935e-13,0.03415160998702049,-5.684341759025859e-16]],[4,"mixamorig:LeftHandMiddle1",2,[-33],[0,"aaA52PaI5QmqBi9N4aZq8A",null,null,null,1,0],[1,-1.8344155705563026e-7,0.1277552843093872,-1.0320898802262946e-8]],[4,"mixamorig:LeftHandMiddle2",19,[-34],[0,"6fvTNWcbdV16sAXZT26V4y",null,null,null,1,0],[1,-3.552713599391162e-17,0.036139678210020065,-2.8421708795129297e-16]],[3,"mixamorig:LeftHandMiddle3",20,[[2,"mixamorig:LeftHandMiddle4",-35,[0,"8eABFlhrlV2JcoXFYf0HQE",null,null,null,1,0],[1,-3.04738904333135e-7,0.036801911890506744,-2.8421708795129297e-16],[3,-0.000001332727190748678,0.004579424060781203,-0.0006541441153308707,0.9999893004272453],[1,0.00019055336304539343,0.5247654136556356,-0.07495931272001241]]],[0,"ce13FySelV/Z+9hwVMpca9",null,null,null,1,0],[1,2.850849796232069e-7,0.034597624093294144,-5.684341759025859e-16]],[1,"mixamorig:LeftHandRing1",2,[-36],[0,"01EAYYLJ1aUYDzjmkUgbIt",null,null,null,1,0],[1,0.022166306152939796,0.12147010117769241,-0.00009996226435760036],[3,5.567949301557009e-7,-3.0670288530743573e-9,0.000004777353751650702,0.9999999999884335],[1,0.00006380400078562164,-3.5176043213850344e-7,0.0005474444142274594]],[1,"mixamorig:LeftHandRing2",22,[-37],[0,"49R9DtWElYlYrcB8k4AkA0",null,null,null,1,0],[1,0,0.03601188585162163,2.8421708795129297e-16],[3,-0.0000023068264453383,1.861861532937898e-11,-0.00000807109518035517,0.999999999964768],[1,-0.00026434283878294586,-5.456423730036444e-17,-0.0009248793797779648]],[3,"mixamorig:LeftHandRing3",23,[[2,"mixamorig:LeftHandRing4",-38,[0,"b1jD3LUkBWJLNUUARrup1g",null,null,null,1,0],[1,-2.4172632606678235e-7,0.03660118207335472,1.688651423137344e-7],[3,0.000008486035811376525,0.0073964745189427595,0.0007707650114660968,0.9999723486246883],[1,0.0003191215295860975,0.847581280584676,0.08832794957551153]]],[0,"f0vJL0ANVdMKu/Lr7J9Qe+",null,null,null,1,0],[1,-7.140954460507689e-15,0.033073119819164276,1.7053025277077578e-15]],[1,"mixamorig:LeftHandPinky1",2,[-39],[0,"983Zx6JVRUx4XHgfGRJhBk",null,null,null,1,0],[1,0.04725831374526024,0.1090819388628006,0.002261321758851409],[3,0.0000028521121464944428,-3.0577731153677506e-9,0.00014105137821079268,0.999999990048187],[1,0.00032682803656200525,-3.9649453737602023e-7,0.016163297384494943]],[1,"mixamorig:LeftHandPinky2",25,[-40],[0,"13A7zIAPddfYE8+N9SYdRy",null,null,null,1,0],[1,-7.105427198782324e-17,0.0413665696978569,5.684341759025859e-16],[3,-0.000005954487230232569,2.190560382034692e-9,-0.00036788393911659623,0.9999999323129735],[1,-0.0006823340210908352,1.843176501921365e-15,-0.042156395075702645]],[5,"mixamorig:LeftHandPinky3",26,[[2,"mixamorig:LeftHandPinky4",-41,[0,"61iE9jWglTGZYHGcz14qS9",null,null,null,1,0],[1,-2.9842793970187966e-15,0.029238663613796234,2.8421708795129297e-16],[3,-0.000001049783136419142,0.00409989483442877,-0.0005750644561807408,0.9999914300443358],[1,0.00014987779722400684,0.4698148209970121,-0.06589747556560704]]],[0,"92tqFpcRhWIJ1GBOrDejhv",null,null,null,1,0],[1,4.369837892687252e-15,0.02594834379851818,2.8421708795129297e-16],[3,0.000003659169254872887,8.409112628385051e-10,0.00022980931073657507,0.9999999735871452],[1,0.00041930992072979187,8.742973954467607e-15,0.026334207428003856]],[1,"mixamorig:RightShoulder",5,[-42],[0,"6dtg8WMdZQC7f2+3XR3WZn",null,null,null,1,0],[1,-0.0610569566488266,0.09106383472681046,0.007570756133645773],[3,0.45383756928260754,-0.5448472448876571,0.5511400052009497,0.4397927183493161],[1,91.1143939552511,-101.60931965720395,-0.5597643967720015]],[1,"mixamorig:RightArm",28,[-43],[0,"3fAVRsd0lUm5MylFHoGIqs",null,null,null,1,0],[1,3.996803047469241e-17,0.12922286987304688,0],[3,-0.01045541341400491,0.0010630628945580269,-0.10114940703454905,0.9948157375535348],[1,-1.2043015129267876,-8.387415973867446e-7,-11.61136798169921]],[4,"mixamorig:RightForeArm",29,[3],[0,"4ehGCIyqtSMJQHnbNz9Sru",null,null,null,1,0],[1,8.327427636345419e-11,0.27404680848121643,0]],[1,"mixamorig:RightHandThumb1",3,[-44],[0,"19xcLReX9U/KRlksqeWGEz",null,null,null,1,0],[1,0.030029743909835815,0.03788808733224869,0.021671490743756294],[3,0.25189497619908086,0.05946427850702605,-0.22192345165788177,0.9400866460872397],[1,32.84205258231932,14.036180937164387,-22.78641758612541]],[1,"mixamorig:RightHandThumb2",31,[-45],[0,"fatuBLn8hTuK4sRwjsWhIZ",null,null,null,1,0],[1,-8.437694881272071e-17,0.04744970425963402,2.8421708795129297e-16],[3,0.000008453832378715677,-3.3376170749581006e-12,-3.9480215717453993e-7,0.9999999999641884],[1,0.0009687378320345138,-2.9582188717773793e-15,-0.00004524099469914126]],[3,"mixamorig:RightHandThumb3",32,[[2,"mixamorig:RightHandThumb4",-46,[0,"e9iGXrYK1fX6+qEGoe619c",null,null,null,1,0],[1,1.1177533565387421e-7,0.0345907099545002,-2.3241858571054763e-7],[3,0.009232063944962126,-0.12713021270229566,-0.07232768219583943,0.9892023980974585],[1,-0.007256761299912089,-14.64730939275249,-8.362804717037914]]],[0,"a6F3OEQhdRiJjO2WCynMw9",null,null,null,1,0],[1,-1.7719159515369146e-15,0.04382135346531868,-4.092726320608503e-14]],[1,"mixamorig:RightHandIndex1",3,[-47],[0,"313DE9urhZEq3jPBdnQYUf",null,null,null,1,0],[1,0.02822042442858219,0.12266617268323898,0.002318252343684435],[3,5.567922585151032e-7,-7.224338016615674e-9,-0.0000047439243643934784,0.9999999999885927],[1,0.00006380368903185307,-8.275454763902276e-7,-0.0005436136892809501]],[1,"mixamorig:RightHandIndex2",34,[-48],[0,"7fIE0veRVf16eHQO6Zq1j3",null,null,null,1,0],[1,8.881783998477905e-18,0.03891967609524727,-2.8421708795129297e-16],[3,-2.2133536160862474e-22,8.25846796658723e-25,0.00000602627187607112,0.9999999999818421],[1,-2.5363164726030527e-20,9.478791727388486e-23,0.0006905598893986994]],[3,"mixamorig:RightHandIndex3",35,[[2,"mixamorig:RightHandIndex4",-49,[0,"f0sE24RatSTa/6mWaFW7e0",null,null,null,1,0],[1,-1.2771572244218987e-8,0.030779875814914703,-2.8421708795129297e-16],[3,-0.00007290381685604467,-0.00670930762824065,0.001374533207276851,0.9999765449922539],[1,-0.0072972113027577395,-0.7688264840853549,0.15756245799405658]]],[0,"abwb+t13BYC6ultGISJQ/x",null,null,null,1,0],[1,-5.167422072920383e-14,0.03415160998702049,1.1368683518051719e-15]],[4,"mixamorig:RightHandMiddle1",3,[-50],[0,"c6CAp68kVSkKkx3Z+J66yR",null,null,null,1,0],[1,1.663215414282604e-7,0.1277552843093872,-1.0320894361370847e-8]],[4,"mixamorig:RightHandMiddle2",37,[-51],[0,"25XmhcfY5bT4gOpamLVm0z",null,null,null,1,0],[1,8.881783998477905e-18,0.036139678210020065,-2.8421708795129297e-16]],[3,"mixamorig:RightHandMiddle3",38,[[2,"mixamorig:RightHandMiddle4",-52,[0,"d1DMka961Rw4aL4muDrKhO",null,null,null,1,0],[1,2.854906711036165e-7,0.036801911890506744,-5.684341759025859e-16],[3,-0.00005158123310767651,-0.006695195753020063,-0.001708344371060428,0.9999761263413816],[1,-0.007221338828918605,-0.767232105604005,-0.1957179781168183]]],[0,"33AGDyTx9cEJryPHhfeP5+",null,null,null,1,0],[1,-2.942148000784073e-7,0.034597624093294144,1.1368683518051719e-15]],[1,"mixamorig:RightHandRing1",3,[-53],[0,"49W0nEX6Zesa7HuTonWnij",null,null,null,1,0],[1,-0.02216632291674614,0.12147002667188644,-0.00009996270091505721],[3,5.567954417464006e-7,-7.224304709922875e-9,-0.000004803651336204206,0.9999999999883076],[1,0.00006380405375391823,-8.275378471714757e-7,-0.0005504578960967305]],[1,"mixamorig:RightHandRing2",40,[-54],[0,"2agG41Lu9ZzZvofIaquC5I",null,null,null,1,0],[1,-1.776356799695581e-17,0.036011964082717896,-2.8421708795129297e-16],[3,-1.712676165765553e-20,-1.3823152942359992e-25,0.000008071083356945525,0.9999999999674289],[1,-1.962582319484211e-18,-9.677969071586756e-31,0.0009248780249125597]],[3,"mixamorig:RightHandRing3",41,[[2,"mixamorig:RightHandRing4",-55,[0,"9cYtI5LUhbq6wWrLcbcFBD",null,null,null,1,0],[1,2.4172624080165406e-7,0.03660118207335472,-2.8421708795129297e-16],[3,-0.00006164489601923706,-0.007613221645283254,-0.0003002248993974308,0.9999709720392369],[1,-0.007325700510097351,-0.8724216022527158,-0.034348463000445674]]],[0,"e8fMdNPJZWOorqZO6R74+E",null,null,null,1,0],[1,-6.053824433936705e-14,0.033073119819164276,-8.526512638538789e-16]],[1,"mixamorig:RightHandPinky1",3,[-56],[0,"8edOMvDHRdQLwU3wvxY7El",null,null,null,1,0],[1,-0.04725833237171173,0.1090819463133812,0.0022613208275288343],[3,5.567949870027426e-7,-7.530380763360522e-9,-0.00000313205009659448,0.99999999999494],[1,0.00006380400291683687,-8.627182344047211e-7,-0.00035890650399781064]],[1,"mixamorig:RightHandPinky2",43,[-57],[0,"eeBR05nJtRiZbgRjcRYecO",null,null,null,1,0],[1,-1.776356799695581e-17,0.04136650264263153,-5.684341759025859e-16],[3,-7.729235924872879e-22,-1.6623953789054735e-24,0.00001039437483940001,0.9999999999459785],[1,-8.857051750548462e-20,-1.8957584303823942e-22,0.0011911076179706354]],[5,"mixamorig:RightHandPinky3",44,[[2,"mixamorig:RightHandPinky4",-58,[0,"b5HZHF7ahX+qnxwKOHJPW7",null,null,null,1,0],[1,4.364508700196307e-14,0.029238663613796234,8.526512638538789e-16],[3,-0.00008226664161944608,-0.008498840131599147,0.002206106928363919,0.9999614472772628],[1,-0.007278252926236917,-0.9738933772651456,0.2528724261553607]]],[0,"c1ctt0xNlWwKwDsNh80eaa",null,null,null,1,0],[1,-3.948841172671594e-14,0.025948410853743553,-8.526512638538789e-16],[3,-1.2006202463385607e-21,1.6668818280878582e-24,-0.000010428465429301022,0.9999999999456237],[1,-1.375809438568097e-19,1.895758292865382e-22,-0.0011950141118157258]],[1,"mixamorig:LeftUpLeg",4,[-59],[0,"43VAcDbiRVGrhELOzMa8K0",null,null,null,1,0],[1,0.09123873710632324,-0.06657188385725021,-0.0005540310521610081],[3,0.000020251729131297446,-0.006350177709601903,0.9999754277266976,-0.0029696423575843625],[1,179.27231561088104,-179.99984031673418,-0.34030432318004766]],[1,"mixamorig:LeftLeg",46,[-60],[0,"64QS9e16pQZoiFK01jBlDW",null,null,null,1,0],[1,-4.796163656963089e-16,0.40599435567855835,1.1679546727276415e-15],[3,-0.01811430964983734,0.0001824936469369723,-0.005920146556628517,0.9998183786802114],[1,-2.0758458812489775,0.008620311812092793,-0.6786702925359489]],[1,"mixamorig:LeftFoot",47,[-61],[0,"d8J8pXQu9XP75TCYT+40lb",null,null,null,1,0],[1,-8.88178432935015e-17,0.4209902584552765,2.0428104023679795e-16],[3,0.540549829503173,0.014366472533357443,0.02495103397744506,0.8408192030362385],[1,65.47733799452466,-0.16157468165938818,3.295763329468358]],[5,"mixamorig:LeftToeBase",48,[[6,"mixamorig:LeftToe_End",-62,[0,"97Ikvvlola+aplHm2tD6mL",null,null,null,1,0],[1,3.552713599391162e-17,0.10000000149011612,4.890747529184836e-11]]],[0,"e49Rs2epteHKR7sSUdTnsB",null,null,null,1,0],[1,1.776356799695581e-17,0.15721559524536133,-1.5987212189876965e-16],[3,0.2276920640502387,-0.032521467145576584,-0.01536559196292044,0.9730686392679965],[1,26.267539115292408,-3.2303484214941003,-2.5627384476990747]],[1,"mixamorig:RightUpLeg",4,[-63],[0,"32r9muYupWD6GntOM2FFrP",null,null,null,1,0],[1,-0.09125032275915146,-0.06655601412057877,-0.0005535274394787848],[3,-0.000017972282928716893,-0.006333801448246443,0.9999752669975575,0.003057454721632625],[1,179.27419108372516,-179.9998403168026,0.35036506563196956]],[1,"mixamorig:RightLeg",50,[-64],[0,"04Shth32pVRZaCVoeV4CeC",null,null,null,1,0],[1,5.329070399086743e-17,0.40599438548088074,2.6867398042961736e-16],[3,-0.018147073612041865,-0.00018249395287137102,0.005920149827422818,0.9998177845194078],[1,-2.079601169437634,-0.0085980990455968,0.6786709500449609]],[1,"mixamorig:RightFoot",51,[-65],[0,"6esdLDzC1UDZfkD8ZSDJVr",null,null,null,1,0],[1,-2.309263806517031e-16,0.4209902286529541,-6.306066589288476e-16],[3,0.5405635851758654,-0.01436603726019804,-0.02495122522982033,0.8408103613269668],[1,65.47921568230565,0.16168252986982057,-3.2957521411359783]],[5,"mixamorig:RightToeBase",52,[[6,"mixamorig:RightToe_End",-66,[0,"a39E+aDmNcGrCxr/rNY4bz",null,null,null,1,0],[1,3.1880578038601115e-11,0.10000000149011612,5.687534124221294e-11]]],[0,"bfr8z6BqtX7b4qeWS/hkKP",null,null,null,1,0],[1,1.776356799695581e-17,0.15721559524536133,5.329070399086743e-17],[3,0.22770869486311937,0.03211960161853034,0.015257901347525027,0.9730797901107959],[1,26.270672854313723,3.188196261932329,2.540303513035399]],[12,"Alpha_Surface",1,[[13,-67,[7,"9fvhTiFO9dcqqy1bytjgJ2"],[0],[14],1,1,2]],[0,"c2gaEnmElb6IE4GArd30eR",null,null,null,1,0]],[12,"Alpha_Joints",1,[[13,-68,[7